[ 2273.818775] [Project1] 3239 1588405167.021402464 1588405168.199992838
[ 2276.316220] [Project1] 3240 1588405169.314551338 1588405170.697186094
[ 2278.696466] [Project1] 3245 1588405171.860191440 1588405173.077196862
[ 2281.133749] [Project1] 3246 1588405174.287970422 1588405175.514243545
[ 2283.510630] [Project1] 3247 1588405176.623653319 1588405177.890898968
[ 2286.088635] [Project1] 3248 1588405179.145568840 1588405180.468662703
[ 2288.541374] [Project1] 3249 1588405181.678459128 1588405182.921176719
[ 2290.963693] [Project1] 3250 1588405184.135878117 1588405185.343278583
[ 2293.406885] [Project1] 3251 1588405186.522477263 1588405187.786254356
[ 2295.776837] [Project1] 3252 1588405188.962667349 1588405190.155999540
